116602
116030
116625
114412
113634
112870
112139
111322
110656
110119
109551
109018
108295
107624
106976
106429
105775
105164
104452
103760
102799
101820
101251
100635
99882
99281
98585
97971
97378
96617
95896
95064
94320
93431
92567
91408
90868
89649
89118
88548
87973
87390
86857
86141
85356
84172
83743
83388
82973
82425
82017
81563
81104
80661
80057
79426
78872
78192
77629
77159
76591
76098
75578
75081
74557
74040
73570
73042
72495
71879
71250
70734
70054
69406
68751
68182
67674
67169
66209
65807
65279
64668
63710
63299
62946
62470
61992
61602
61094
60619
59969
59781
59394
59050
58491
57817
57566
57225
56948
56758
56370
55967
55531
55211
54796
54460
53972
53568
53067
52364
51972
51613
51230
50854
50130
47932
47394
46391
45323
44836
43988
43577
42768
42056
41398
41038
40727
40228
40008
39562
38970
38568
38154
37602
37281
37205
36757
36619
36250
35966
35672
35266
34308
33551
33222
32607
32353
32111
31812
31596
31312
30896
30578
30407
29942
29732
29505
29238
28989
28695
28414
28138
27805
27167
26807
26546
26270
25985
25583
24843
24134
23747
23301
22611
22323
22102
21881
21648
21354
21066
20757
20480
20151
19927
19639
19224
19034
18786
18575
18319
18104
17896
17694
17201
16957
16761
16588
16022
14784
14537
14300
13947
13789
13572
13271
13076
12750
12330
12074
11306
10903
10546
10282
10092
9842
9760